Webots Project File version R2024a
perspectives: 000000ff00000000fd00000003000000000000016c0000033dfc0200000001fb00000012005300630065006e0065005400720065006500000000190000033d000000000000000000000001000001620000046bfc0200000001fb0000001400540065007800740045006400690074006f007201000000160000046b0000003f00ffffff0000000300000a00000000e2fc0100000002fb0000000e0043006f006e0073006f006c006501000000000000073f0000000000000000fb0000001a0043006f006e0073006f006c00650041006c006c0041006c006c010000000000000a000000006900ffffff0000089c0000046b00000004000000040000000100000008fc00000000
simulationViewPerspectives: 000000ff00000001000000020000016c000002850100000002010000000101
sceneTreePerspectives: 000000ff0000000100000003000000c0000000a8000000000100000002010000000201
minimizedPerspectives: 000000ff00000000fd00000003000000000000016c0000033dfc0200000001fb00000012005300630065006e0065005400720065006501000000190000033d0000018500ffffff000000010000033f000001ebfc0200000001fb0000001400540065007800740045006400690074006f00720100000019000001eb000000ab00ffffff00000003000003ed0000014cfc0100000001fb0000000e0043006f006e0073006f006c00650100000172000003ed0000004e00ffffff000000a8000001eb00000004000000040000000100000008fc00000000
maximizedDockId: -1
centralWidgetVisible: 1
orthographicViewHeight: 1
textFiles: -1
consoles: Console:All:All
renderingDevicePerspectives: e-puck:camera;0;1;0.0229397;0.0283149
